530070000600195000098000060800060003400803001700020006060000280000419005000080079
600120384008459072000006005000264030070080006940003000310000050089700000502000190
497200000000060003000010500040000090000508000070000040006030000800070000000004125
005300000800000020070010500400005300010070006003200080060500009004000030000009700
200080300060070084030500209000105408000000000402706000301007040720040060004010003
000000907000420180000705026100904000050000040000507009920108000034059000507000000
030000080009000500000090004000407010000000000040301000800020000001000600050000090
300000000005009000200504000020000700160000058704310600000890100000067080000005437
000900002050123400030000160908000000070000090000000205091000050007439020400007000
020810740700003100090002805009040087400208003160030200302700060005600008076051090
